inherit_from: "configs/mono/euroc/base_config.yaml"

Dataset:
  dataset_path: "datasets/euroc/MH_02_easy"
  Calibration:
    fx: 458.654
    fy: 457.296
    cx: 367.215
    cy: 248.375
    k1: -0.28340811
    k2: 0.07395907
    p1: 0.00019359
    p2: 1.76187114e-05
    k3: 0.0
    width: 752
    height: 480
    distorted: True

  start_idx: 800
  end_idx: 3600
  T_BS: [0.0148655429818, -0.999880929698, 0.00414029679422, -0.0216401454975,
         0.999557249008, 0.0149672133247, 0.025715529948, -0.064676986768,
        -0.0257744366974, 0.00375618835797, 0.999660727178, 0.00981073058949,
         0.0, 0.0, 0.0, 1.0]
  traj_path: "datasets/euroc/MH_02_easy/mav0/state_groundtruth_estimate0/data.csv"




